45 0.53 0.238667 0.044 0.0293333
41 0.488 0.24 0.052 0.0373333
39 0.331 0.230667 0.014 0.072
45 0.581 0.237333 0.05 0.0266667
41 0.531 0.229333 0.046 0.048
41 0.535 0.192 0.054 0.032
41 0.487 0.210667 0.046 0.032
39 0.496 0.388 0.024 0.0933333
39 0.446 0.217333 0.032 0.088
41 0.582 0.229333 0.052 0.0426667
39 0.35 0.224 0.032 0.08
39 0.411 0.221333 0.034 0.08
39 0.38 0.221333 0.032 0.08
71 0.469 0.486667 0.378 0.12
41 0.582 0.193333 0.052 0.0346667
39 0.525 0.381333 0.034 0.101333
68 0.128 0.826667 0.256 0.341333
