0 0.848437 0.701878 0.015625 0.0328638
0 0.721875 0.692488 0.0125 0.0469484
0 0.4875 0.685446 0.01875 0.0751174
0 0.178125 0.684272 0.0125 0.0868545
0 0.122656 0.687793 0.0171875 0.0704225
0 0.367188 0.688967 0.015625 0.07277
0 0.1375 0.691315 0.0125 0.0633803
0 0.467187 0.683099 0.021875 0.0798122
0 0.352344 0.688967 0.0140625 0.0633803
0 0.379687 0.68662 0.015625 0.0774648
0 0.432031 0.680751 0.0109375 0.0657277
0 0.339844 0.691315 0.0140625 0.0633803
0 0.00625 0.674883 0.0125 0.110329
0 0.192188 0.679577 0.028125 0.100939
0 0.617969 0.825117 0.579687 0.274648
29 0.349219 0.369718 0.120312 0.0633803
0 0.514844 0.366197 0.339063 0.568075
